0.166362658374641 0 0.857142857142857 0 -0.138509071885411 0 0 0 0 1 0 0 0 0 0.166362658374641 0 0 0 0 0 0 0 0 0 0.857142857142857 0 0 0 0 0 0 0 0 0 -0.138509071885411 0 0 0 0 0 0 0 0 0 0 0 0.142596564321121 0 -0.0230427374078612 0 0 0 0 -0.118722061616066 0
0.166362658374641 0 0.857142857142857 0 -0.138509071885411 0 0 1 0 1 0 0 0.166362658374641 0 0.166362658374641 0 0 0 0 0 0 0 0.857142857142857 0 0.857142857142857 0 0 0 0 0 0 0 -0.138509071885411 0 -0.138509071885411 0 0 0 0 0 0 0 0 1 0 0 0.142596564321121 0 -0.0230427374078612 0 0 0 0 -0.118722061616066 0
0.166362658374641 0 0.857142857142857 0 -0.138509071885411 0 0 0 1 1 0 0 0 0.166362658374641 0.166362658374641 0 0 0 0 0 0 0 0 0.857142857142857 0.857142857142857 0 0 0 0 0 0 0 0 -0.138509071885411 -0.138509071885411 0 0 0 0 0 0 0 0 0 1 0 0.142596564321121 0 -0.0230427374078612 0 0 0 0 -0.118722061616066 0
-0.100943092924994 0.666666666666667 0.285714285714286 0.285714285714286 1.18650085058395 1 0 0 0 1 -0.100943092924994 0 0 0 -0.100943092924994 0.666666666666667 0 0 0 0.666666666666667 0.285714285714286 0 0 0 0.285714285714286 0.285714285714286 0 0 0 0.285714285714286 1.18650085058395 0 0 0 1.18650085058395 0 0 0 1 0 0 0 0 0 0 -0.0672953952833295 -0.0288408836928555 -0.0288408836928555 -0.11976906561608 0.19047619047619 0.19047619047619 0.791000567055964 0.0816326530612245 0.339000243023985 0.339000243023985
-0.100943092924994 0.666666666666667 0.285714285714286 0.285714285714286 1.18650085058395 1 0 1 0 1 -0.100943092924994 0 -0.100943092924994 0 -0.100943092924994 0.666666666666667 0 0.666666666666667 0 0.666666666666667 0.285714285714286 0 0.285714285714286 0 0.285714285714286 0.285714285714286 0 0.285714285714286 0 0.285714285714286 1.18650085058395 0 1.18650085058395 0 1.18650085058395 0 1 0 1 0 0 0 0 1 0 -0.0672953952833295 -0.0288408836928555 -0.0288408836928555 -0.11976906561608 0.19047619047619 0.19047619047619 0.791000567055964 0.0816326530612245 0.339000243023985 0.339000243023985
-0.100943092924994 0.666666666666667 0.285714285714286 0.285714285714286 1.18650085058395 1 0 0 1 1 -0.100943092924994 0 0 -0.100943092924994 -0.100943092924994 0.666666666666667 0 0 0.666666666666667 0.666666666666667 0.285714285714286 0 0 0.285714285714286 0.285714285714286 0.285714285714286 0 0 0.285714285714286 0.285714285714286 1.18650085058395 0 0 1.18650085058395 1.18650085058395 0 0 1 1 0 0 0 0 0 1 -0.0672953952833295 -0.0288408836928555 -0.0288408836928555 -0.11976906561608 0.19047619047619 0.19047619047619 0.791000567055964 0.0816326530612245 0.339000243023985 0.339000243023985
0.0988327843621017 0.666666666666667 0.428571428571429 0.428571428571429 0.712502906014461 1 0 0 0 1 0.0988327843621017 0 0 0 0.0988327843621017 0.666666666666667 0 0 0 0.666666666666667 0.428571428571429 0 0 0 0.428571428571429 0.428571428571429 0 0 0 0.428571428571429 0.712502906014461 0 0 0 0.712502906014461 0 0 0 1 0 0 0 0 0 0 0.0658885229080678 0.0423569075837579 0.0423569075837579 0.0704186460674981 0.285714285714286 0.285714285714286 0.475001937342974 0.183673469387755 0.305358388291912 0.305358388291912
0.0988327843621017 0.666666666666667 0.428571428571429 0.428571428571429 0.712502906014461 1 0 1 0 1 0.0988327843621017 0 0.0988327843621017 0 0.0988327843621017 0.666666666666667 0 0.666666666666667 0 0.666666666666667 0.428571428571429 0 0.428571428571429 0 0.428571428571429 0.428571428571429 0 0.428571428571429 0 0.428571428571429 0.712502906014461 0 0.712502906014461 0 0.712502906014461 0 1 0 1 0 0 0 0 1 0 0.0658885229080678 0.0423569075837579 0.0423569075837579 0.0704186460674981 0.285714285714286 0.285714285714286 0.475001937342974 0.183673469387755 0.305358388291912 0.305358388291912
0.0988327843621017 0.666666666666667 0.428571428571429 0.428571428571429 0.712502906014461 1 0 0 1 1 0.0988327843621017 0 0 0.0988327843621017 0.0988327843621017 0.666666666666667 0 0 0.666666666666667 0.666666666666667 0.428571428571429 0 0 0.428571428571429 0.428571428571429 0.428571428571429 0 0 0.428571428571429 0.428571428571429 0.712502906014461 0 0 0.712502906014461 0.712502906014461 0 0 1 1 0 0 0 0 0 1 0.0658885229080678 0.0423569075837579 0.0423569075837579 0.0704186460674981 0.285714285714286 0.285714285714286 0.475001937342974 0.183673469387755 0.305358388291912 0.305358388291912
-0.192389797316975 0.333333333333333 0.285714285714286 0.428571428571429 0.454752871640268 0 0 0 0 1 0 0 0 0 -0.192389797316975 0 0 0 0 0.333333333333333 0 0 0 0 0.285714285714286 0 0 0 0 0.428571428571429 0 0 0 0 0.454752871640268 0 0 0 0 0 0 0 0 0 0 -0.0641299324389917 -0.0549685135191357 -0.0824527702787036 -0.0874898128041835 0.0952380952380952 0.142857142857143 0.151584290546756 0.122448979591837 0.129929391897219 0.194894087845829
-0.192389797316975 0.333333333333333 0.285714285714286 0.428571428571429 0.454752871640268 0 0 1 0 1 0 0 -0.192389797316975 0 -0.192389797316975 0 0 0.333333333333333 0 0.333333333333333 0 0 0.285714285714286 0 0.285714285714286 0 0 0.428571428571429 0 0.428571428571429 0 0 0.454752871640268 0 0.454752871640268 0 0 0 0 0 0 0 0 1 0 -0.0641299324389917 -0.0549685135191357 -0.0824527702787036 -0.0874898128041835 0.0952380952380952 0.142857142857143 0.151584290546756 0.122448979591837 0.129929391897219 0.194894087845829
-0.192389797316975 0.333333333333333 0.285714285714286 0.428571428571429 0.454752871640268 0 0 0 1 1 0 0 0 -0.192389797316975 -0.192389797316975 0 0 0 0.333333333333333 0.333333333333333 0 0 0 0.285714285714286 0.285714285714286 0 0 0 0.428571428571429 0.428571428571429 0 0 0 0.454752871640268 0.454752871640268 0 0 0 0 0 0 0 0 0 1 -0.0641299324389917 -0.0549685135191357 -0.0824527702787036 -0.0874898128041835 0.0952380952380952 0.142857142857143 0.151584290546756 0.122448979591837 0.129929391897219 0.194894087845829
-0.570838466262249 0.333333333333333 0.571428571428571 0.428571428571429 1.28981929656614 0 0 0 0 1 0 0 0 0 -0.570838466262249 0 0 0 0 0.333333333333333 0 0 0 0 0.571428571428571 0 0 0 0 0.428571428571429 0 0 0 0 1.28981929656614 0 0 0 0 0 0 0 0 0 0 -0.190279488754083 -0.326193409292713 -0.244645056969535 -0.736278469007269 0.19047619047619 0.142857142857143 0.429939765522048 0.244897959183673 0.737039598037796 0.552779698528347
-0.960542114209612 0.666666666666667 0.428571428571429 0.142857142857143 0.623819419611138 0 0 0 0 1 0 0 0 0 -0.960542114209612 0 0 0 0 0.666666666666667 0 0 0 0 0.428571428571429 0 0 0 0 0.142857142857143 0 0 0 0 0.623819419611138 0 0 0 0 0 0 0 0 0 0 -0.640361409473075 -0.411660906089834 -0.137220302029945 -0.599204824198295 0.285714285714286 0.0952380952380952 0.415879613074092 0.0612244897959184 0.267351179833345 0.0891170599444482
-0.960542114209612 0.666666666666667 0.428571428571429 0.142857142857143 0.623819419611138 0 0 1 0 1 0 0 -0.960542114209612 0 -0.960542114209612 0 0 0.666666666666667 0 0.666666666666667 0 0 0.428571428571429 0 0.428571428571429 0 0 0.142857142857143 0 0.142857142857143 0 0 0.623819419611138 0 0.623819419611138 0 0 0 0 0 0 0 0 1 0 -0.640361409473075 -0.411660906089834 -0.137220302029945 -0.599204824198295 0.285714285714286 0.0952380952380952 0.415879613074092 0.0612244897959184 0.267351179833345 0.0891170599444482
-0.960542114209612 0.666666666666667 0.428571428571429 0.142857142857143 0.623819419611138 0 0 0 1 1 0 0 0 -0.960542114209612 -0.960542114209612 0 0 0 0.666666666666667 0.666666666666667 0 0 0 0.428571428571429 0.428571428571429 0 0 0 0.142857142857143 0.142857142857143 0 0 0 0.623819419611138 0.623819419611138 0 0 0 0 0 0 0 0 0 1 -0.640361409473075 -0.411660906089834 -0.137220302029945 -0.599204824198295 0.285714285714286 0.0952380952380952 0.415879613074092 0.0612244897959184 0.267351179833345 0.0891170599444482
-0.681981383907886 0.666666666666667 0.428571428571429 0.285714285714286 1.22822140699536 0 0 0 0 1 0 0 0 0 -0.681981383907886 0 0 0 0 0.666666666666667 0 0 0 0 0.428571428571429 0 0 0 0 0.285714285714286 0 0 0 0 1.22822140699536 0 0 0 0 0 0 0 0 0 0 -0.454654255938591 -0.292277735960523 -0.194851823973682 -0.837624134887989 0.285714285714286 0.19047619047619 0.818814271330242 0.122448979591837 0.526380602998013 0.350920401998675
-0.681981383907886 0.666666666666667 0.428571428571429 0.285714285714286 1.22822140699536 0 0 1 0 1 0 0 -0.681981383907886 0 -0.681981383907886 0 0 0.666666666666667 0 0.666666666666667 0 0 0.428571428571429 0 0.428571428571429 0 0 0.285714285714286 0 0.285714285714286 0 0 1.22822140699536 0 1.22822140699536 0 0 0 0 0 0 0 0 1 0 -0.454654255938591 -0.292277735960523 -0.194851823973682 -0.837624134887989 0.285714285714286 0.19047619047619 0.818814271330242 0.122448979591837 0.526380602998013 0.350920401998675
-0.681981383907886 0.666666666666667 0.428571428571429 0.285714285714286 1.22822140699536 0 0 0 1 1 0 0 0 -0.681981383907886 -0.681981383907886 0 0 0 0.666666666666667 0.666666666666667 0 0 0 0.428571428571429 0.428571428571429 0 0 0 0.285714285714286 0.285714285714286 0 0 0 1.22822140699536 1.22822140699536 0 0 0 0 0 0 0 0 0 1 -0.454654255938591 -0.292277735960523 -0.194851823973682 -0.837624134887989 0.285714285714286 0.19047619047619 0.818814271330242 0.122448979591837 0.526380602998013 0.350920401998675
-0.836737345186623 0 0.428571428571429 0 0.32893590570846 0 1 0 0 1 0 -0.836737345186623 0 0 -0.836737345186623 0 0 0 0 0 0 0.428571428571429 0 0 0.428571428571429 0 0 0 0 0 0 0.32893590570846 0 0 0.32893590570846 0 0 0 0 0 0 1 0 0 0 0 -0.358601719365696 0 -0.275232956479054 0 0 0 0 0.140972531017911 0
-0.836737345186623 0 0.428571428571429 0 0.32893590570846 0 1 0 1 1 0 -0.836737345186623 0 -0.836737345186623 -0.836737345186623 0 0 0 0 0 0 0.428571428571429 0 0.428571428571429 0.428571428571429 0 0 0 0 0 0 0.32893590570846 0 0.32893590570846 0.32893590570846 0 0 0 0 0 1 1 0 0 1 0 -0.358601719365696 0 -0.275232956479054 0 0 0 0 0.140972531017911 0
-0.421709994484557 0.333333333333333 0.285714285714286 0 -0.45414364787754 1 1 0 0 0 -0.421709994484557 -0.421709994484557 0 0 0 0.333333333333333 0.333333333333333 0 0 0 0.285714285714286 0.285714285714286 0 0 0 0 0 0 0 0 -0.45414364787754 -0.45414364787754 0 0 0 1 0 0 0 0 0 0 0 0 0 -0.140569998161519 -0.120488569852731 0 0.191516915241634 0.0952380952380952 0 -0.15138121595918 0 -0.129755327965011 0
-0.421709994484557 0.333333333333333 0.285714285714286 0 -0.45414364787754 1 1 0 1 0 -0.421709994484557 -0.421709994484557 0 -0.421709994484557 0 0.333333333333333 0.333333333333333 0 0.333333333333333 0 0.285714285714286 0.285714285714286 0 0.285714285714286 0 0 0 0 0 0 -0.45414364787754 -0.45414364787754 0 -0.45414364787754 0 1 0 1 0 0 1 0 0 0 0 -0.140569998161519 -0.120488569852731 0 0.191516915241634 0.0952380952380952 0 -0.15138121595918 0 -0.129755327965011 0
0.0622541026053098 0 0.285714285714286 0 1.25115679141002 0 0 0 0 1 0 0 0 0 0.0622541026053098 0 0 0 0 0 0 0 0 0 0.285714285714286 0 0 0 0 0 0 0 0 0 1.25115679141002 0 0 0 0 0 0 0 0 0 0 0 0.0177868864586599 0 0.0778896432677692 0 0 0 0 0.35747336897429 0
0.0622541026053098 0 0.285714285714286 0 1.25115679141002 0 0 1 0 1 0 0 0.0622541026053098 0 0.0622541026053098 0 0 0 0 0 0 0 0.285714285714286 0 0.285714285714286 0 0 0 0 0 0 0 1.25115679141002 0 1.25115679141002 0 0 0 0 0 0 0 0 1 0 0 0.0177868864586599 0 0.0778896432677692 0 0 0 0 0.35747336897429 0
0.0622541026053098 0 0.285714285714286 0 1.25115679141002 0 0 0 1 1 0 0 0 0.0622541026053098 0.0622541026053098 0 0 0 0 0 0 0 0 0.285714285714286 0.285714285714286 0 0 0 0 0 0 0 0 1.25115679141002 1.25115679141002 0 0 0 0 0 0 0 0 0 1 0 0.0177868864586599 0 0.0778896432677692 0 0 0 0 0.35747336897429 0
-0.23178222382429 0.333333333333333 0.285714285714286 0 -0.614472906547589 0 0 0 0 1 0 0 0 0 -0.23178222382429 0 0 0 0 0.333333333333333 0 0 0 0 0.285714285714286 0 0 0 0 0 0 0 0 0 -0.614472906547589 0 0 0 0 0 0 0 0 0 0 -0.0772607412747632 -0.0662234925212256 0 0.142423896759375 0.0952380952380952 0 -0.20482430218253 0 -0.175563687585025 0
-0.23178222382429 0.333333333333333 0.285714285714286 0 -0.614472906547589 0 0 1 0 1 0 0 -0.23178222382429 0 -0.23178222382429 0 0 0.333333333333333 0 0.333333333333333 0 0 0.285714285714286 0 0.285714285714286 0 0 0 0 0 0 0 -0.614472906547589 0 -0.614472906547589 0 0 0 0 0 0 0 0 1 0 -0.0772607412747632 -0.0662234925212256 0 0.142423896759375 0.0952380952380952 0 -0.20482430218253 0 -0.175563687585025 0
-0.23178222382429 0.333333333333333 0.285714285714286 0 -0.614472906547589 0 0 0 1 1 0 0 0 -0.23178222382429 -0.23178222382429 0 0 0 0.333333333333333 0.333333333333333 0 0 0 0.285714285714286 0.285714285714286 0 0 0 0 0 0 0 0 -0.614472906547589 -0.614472906547589 0 0 0 0 0 0 0 0 0 1 -0.0772607412747632 -0.0662234925212256 0 0.142423896759375 0.0952380952380952 0 -0.20482430218253 0 -0.175563687585025 0
0.35769730141017 0.333333333333333 0.285714285714286 0.285714285714286 -1.38772300967016 0 0 0 0 0 0 0 0 0 0 0 0 0 0 0 0 0 0 0 0 0 0 0 0 0 0 0 0 0 0 0 0 0 0 0 0 0 0 0 0 0.11923243380339 0.102199228974334 0.102199228974334 -0.496384775663817 0.0952380952380952 0.0952380952380952 -0.462574336556721 0.0816326530612245 -0.39649228847719 -0.39649228847719
0.35769730141017 0.333333333333333 0.285714285714286 0.285714285714286 -1.38772300967016 0 0 1 0 0 0 0 0.35769730141017 0 0 0 0 0.333333333333333 0 0 0 0 0.285714285714286 0 0 0 0 0.285714285714286 0 0 0 0 -1.38772300967016 0 0 0 0 0 0 0 0 0 0 0 0 0.11923243380339 0.102199228974334 0.102199228974334 -0.496384775663817 0.0952380952380952 0.0952380952380952 -0.462574336556721 0.0816326530612245 -0.39649228847719 -0.39649228847719
0.35769730141017 0.333333333333333 0.285714285714286 0.285714285714286 -1.38772300967016 0 0 0 1 0 0 0 0 0.35769730141017 0 0 0 0 0.333333333333333 0 0 0 0 0.285714285714286 0 0 0 0 0.285714285714286 0 0 0 0 -1.38772300967016 0 0 0 0 0 0 0 0 0 0 0 0.11923243380339 0.102199228974334 0.102199228974334 -0.496384775663817 0.0952380952380952 0.0952380952380952 -0.462574336556721 0.0816326530612245 -0.39649228847719 -0.39649228847719
-0.0601437940424183 0 0.571428571428571 0.428571428571429 -0.816959586094089 0 0 0 0 1 0 0 0 0 -0.0601437940424183 0 0 0 0 0 0 0 0 0 0.571428571428571 0 0 0 0 0.428571428571429 0 0 0 0 -0.816959586094089 0 0 0 0 0 0 0 0 0 0 0 -0.0343678823099533 -0.025775911732465 0.0491350490870222 0 0 0 0.244897959183673 -0.466834049196622 -0.350125536897467
-0.0601437940424183 0 0.571428571428571 0.428571428571429 -0.816959586094089 0 0 0 1 1 0 0 0 -0.0601437940424183 -0.0601437940424183 0 0 0 0 0 0 0 0 0.571428571428571 0.571428571428571 0 0 0 0.428571428571429 0.428571428571429 0 0 0 -0.816959586094089 -0.816959586094089 0 0 0 0 0 0 0 0 0 1 0 -0.0343678823099533 -0.025775911732465 0.0491350490870222 0 0 0 0.244897959183673 -0.466834049196622 -0.350125536897467
-0.219120372446938 0.333333333333333 0.285714285714286 0.285714285714286 0.660297602442057 0 0 0 0 1 0 0 0 0 -0.219120372446938 0 0 0 0 0.333333333333333 0 0 0 0 0.285714285714286 0 0 0 0 0.285714285714286 0 0 0 0 0.660297602442057 0 0 0 0 0 0 0 0 0 0 -0.0730401241489795 -0.0626058206991252 -0.0626058206991252 -0.144684656572924 0.0952380952380952 0.0952380952380952 0.220099200814019 0.0816326530612245 0.188656457840588 0.188656457840588
-0.219120372446938 0.333333333333333 0.285714285714286 0.285714285714286 0.660297602442057 0 0 1 0 1 0 0 -0.219120372446938 0 -0.219120372446938 0 0 0.333333333333333 0 0.333333333333333 0 0 0.285714285714286 0 0.285714285714286 0 0 0.285714285714286 0 0.285714285714286 0 0 0.660297602442057 0 0.660297602442057 0 0 0 0 0 0 0 0 1 0 -0.0730401241489795 -0.0626058206991252 -0.0626058206991252 -0.144684656572924 0.0952380952380952 0.0952380952380952 0.220099200814019 0.0816326530612245 0.188656457840588 0.188656457840588
-0.219120372446938 0.333333333333333 0.285714285714286 0.285714285714286 0.660297602442057 0 0 0 1 1 0 0 0 -0.219120372446938 -0.219120372446938 0 0 0 0.333333333333333 0.333333333333333 0 0 0 0.285714285714286 0.285714285714286 0 0 0 0.285714285714286 0.285714285714286 0 0 0 0.660297602442057 0.660297602442057 0 0 0 0 0 0 0 0 0 1 -0.0730401241489795 -0.0626058206991252 -0.0626058206991252 -0.144684656572924 0.0952380952380952 0.0952380952380952 0.220099200814019 0.0816326530612245 0.188656457840588 0.188656457840588
-0.575059083388032 0.333333333333333 0.285714285714286 0.428571428571429 0.82171902227471 0 0 0 0 1 0 0 0 0 -0.575059083388032 0 0 0 0 0.333333333333333 0 0 0 0 0.285714285714286 0 0 0 0 0.428571428571429 0 0 0 0 0.82171902227471 0 0 0 0 0 0 0 0 0 0 -0.191686361129344 -0.164302595253724 -0.246453892880585 -0.472536987751805 0.0952380952380952 0.142857142857143 0.273906340758237 0.122448979591837 0.23477686350706 0.35216529526059
-0.575059083388032 0.333333333333333 0.285714285714286 0.428571428571429 0.82171902227471 0 0 1 0 1 0 0 -0.575059083388032 0 -0.575059083388032 0 0 0.333333333333333 0 0.333333333333333 0 0 0.285714285714286 0 0.285714285714286 0 0 0.428571428571429 0 0.428571428571429 0 0 0.82171902227471 0 0.82171902227471 0 0 0 0 0 0 0 0 1 0 -0.191686361129344 -0.164302595253724 -0.246453892880585 -0.472536987751805 0.0952380952380952 0.142857142857143 0.273906340758237 0.122448979591837 0.23477686350706 0.35216529526059
-0.575059083388032 0.333333333333333 0.285714285714286 0.428571428571429 0.82171902227471 0 0 0 1 1 0 0 0 -0.575059083388032 -0.575059083388032 0 0 0 0.333333333333333 0.333333333333333 0 0 0 0.285714285714286 0.285714285714286 0 0 0 0.428571428571429 0.428571428571429 0 0 0 0.82171902227471 0.82171902227471 0 0 0 0 0 0 0 0 0 1 -0.191686361129344 -0.164302595253724 -0.246453892880585 -0.472536987751805 0.0952380952380952 0.142857142857143 0.273906340758237 0.122448979591837 0.23477686350706 0.35216529526059
0.22123068100983 0.333333333333333 0.285714285714286 0 0.806865630463317 1 0 0 0 0 0.22123068100983 0 0 0 0 0.333333333333333 0 0 0 0 0.285714285714286 0 0 0 0 0 0 0 0 0 0.806865630463317 0 0 0 0 0 0 0 0 0 0 0 0 0 0 0.0737435603366099 0.0632087660028085 0 0.178503432910825 0.0952380952380952 0 0.268955210154439 0 0.230533037275233 0
0.22123068100983 0.333333333333333 0.285714285714286 0 0.806865630463317 1 0 1 0 0 0.22123068100983 0 0.22123068100983 0 0 0.333333333333333 0 0.333333333333333 0 0 0.285714285714286 0 0.285714285714286 0 0 0 0 0 0 0 0.806865630463317 0 0.806865630463317 0 0 0 1 0 0 0 0 0 0 0 0 0.0737435603366099 0.0632087660028085 0 0.178503432910825 0.0952380952380952 0 0.268955210154439 0 0.230533037275233 0
0.22123068100983 0.333333333333333 0.285714285714286 0 0.806865630463317 1 0 0 1 0 0.22123068100983 0 0 0.22123068100983 0 0.333333333333333 0 0 0.333333333333333 0 0.285714285714286 0 0 0.285714285714286 0 0 0 0 0 0 0.806865630463317 0 0 0.806865630463317 0 0 0 1 0 0 0 0 0 0 0 0.0737435603366099 0.0632087660028085 0 0.178503432910825 0.0952380952380952 0 0.268955210154439 0 0.230533037275233 0
1.22995817407214 0.333333333333333 0.428571428571429 0 0.194600082708353 1 0 0 0 1 1.22995817407214 0 0 0 1.22995817407214 0.333333333333333 0 0 0 0.333333333333333 0.428571428571429 0 0 0 0.428571428571429 0 0 0 0 0 0.194600082708353 0 0 0 0.194600082708353 0 0 0 1 0 0 0 0 0 0 0.409986058024046 0.527124931745203 0 0.239349962402253 0.142857142857143 0 0.0648666942361176 0 0.0834000354464369 0
1.22995817407214 0.333333333333333 0.428571428571429 0 0.194600082708353 1 0 1 0 1 1.22995817407214 0 1.22995817407214 0 1.22995817407214 0.333333333333333 0 0.333333333333333 0 0.333333333333333 0.428571428571429 0 0.428571428571429 0 0.428571428571429 0 0 0 0 0 0.194600082708353 0 0.194600082708353 0 0.194600082708353 0 1 0 1 0 0 0 0 1 0 0.409986058024046 0.527124931745203 0 0.239349962402253 0.142857142857143 0 0.0648666942361176 0 0.0834000354464369 0
1.22995817407214 0.333333333333333 0.428571428571429 0 0.194600082708353 1 0 0 1 1 1.22995817407214 0 0 1.22995817407214 1.22995817407214 0.333333333333333 0 0 0.333333333333333 0.333333333333333 0.428571428571429 0 0 0.428571428571429 0.428571428571429 0 0 0 0 0 0.194600082708353 0 0 0.194600082708353 0.194600082708353 0 0 1 1 0 0 0 0 0 1 0.409986058024046 0.527124931745203 0 0.239349962402253 0.142857142857143 0 0.0648666942361176 0 0.0834000354464369 0
0.285946810271847 0.666666666666667 0.285714285714286 0 -0.169089584438287 1 1 0 0 0 0.285946810271847 0.285946810271847 0 0 0 0.666666666666667 0.666666666666667 0 0 0 0.285714285714286 0.285714285714286 0 0 0 0 0 0 0 0 -0.169089584438287 -0.169089584438287 0 0 0 1 0 0 0 0 0 0 0 0 0 0.190631206847898 0.0816990886490991 0 -0.0483506273203202 0.19047619047619 0 -0.112726389625524 0 -0.0483113098395105 0
0.285946810271847 0.666666666666667 0.285714285714286 0 -0.169089584438287 1 1 1 0 0 0.285946810271847 0.285946810271847 0.285946810271847 0 0 0.666666666666667 0.666666666666667 0.666666666666667 0 0 0.285714285714286 0.285714285714286 0.285714285714286 0 0 0 0 0 0 0 -0.169089584438287 -0.169089584438287 -0.169089584438287 0 0 1 1 0 0 1 0 0 0 0 0 0.190631206847898 0.0816990886490991 0 -0.0483506273203202 0.19047619047619 0 -0.112726389625524 0 -0.0483113098395105 0
0.285946810271847 0.666666666666667 0.285714285714286 0 -0.169089584438287 1 1 0 1 0 0.285946810271847 0.285946810271847 0 0.285946810271847 0 0.666666666666667 0.666666666666667 0 0.666666666666667 0 0.285714285714286 0.285714285714286 0 0.285714285714286 0 0 0 0 0 0 -0.169089584438287 -0.169089584438287 0 -0.169089584438287 0 1 0 1 0 0 1 0 0 0 0 0.190631206847898 0.0816990886490991 0 -0.0483506273203202 0.19047619047619 0 -0.112726389625524 0 -0.0483113098395105 0
-0.136114902306525 0.666666666666667 0.428571428571429 0.142857142857143 -0.0942731753666368 1 1 0 0 0 -0.136114902306525 -0.136114902306525 0 0 0 0.666666666666667 0.666666666666667 0 0 0 0.428571428571429 0.428571428571429 0 0 0 0.142857142857143 0.142857142857143 0 0 0 -0.0942731753666368 -0.0942731753666368 0 0 0 1 0 0 0 0 0 0 0 0 0 -0.0907432682043501 -0.0583349581313679 -0.0194449860437893 0.0128319840551557 0.285714285714286 0.0952380952380952 -0.0628487835777579 0.0612244897959184 -0.0404027894428444 -0.0134675964809481
-0.136114902306525 0.666666666666667 0.428571428571429 0.142857142857143 -0.0942731753666368 1 1 1 0 0 -0.136114902306525 -0.136114902306525 -0.136114902306525 0 0 0.666666666666667 0.666666666666667 0.666666666666667 0 0 0.428571428571429 0.428571428571429 0.428571428571429 0 0 0.142857142857143 0.142857142857143 0.142857142857143 0 0 -0.0942731753666368 -0.0942731753666368 -0.0942731753666368 0 0 1 1 0 0 1 0 0 0 0 0 -0.0907432682043501 -0.0583349581313679 -0.0194449860437893 0.0128319840551557 0.285714285714286 0.0952380952380952 -0.0628487835777579 0.0612244897959184 -0.0404027894428444 -0.0134675964809481
-0.136114902306525 0.666666666666667 0.428571428571429 0.142857142857143 -0.0942731753666368 1 1 0 1 0 -0.136114902306525 -0.136114902306525 0 -0.136114902306525 0 0.666666666666667 0.666666666666667 0 0.666666666666667 0 0.428571428571429 0.428571428571429 0 0.428571428571429 0 0.142857142857143 0.142857142857143 0 0.142857142857143 0 -0.0942731753666368 -0.0942731753666368 0 -0.0942731753666368 0 1 0 1 0 0 1 0 0 0 0 -0.0907432682043501 -0.0583349581313679 -0.0194449860437893 0.0128319840551557 0.285714285714286 0.0952380952380952 -0.0628487835777579 0.0612244897959184 -0.0404027894428444 -0.0134675964809481
0.0369303998506075 0.666666666666667 0.428571428571429 0 0.48664397758826 1 0 0 0 1 0.0369303998506075 0 0 0 0.0369303998506075 0.666666666666667 0 0 0 0.666666666666667 0.428571428571429 0 0 0 0.428571428571429 0 0 0 0 0 0.48664397758826 0 0 0 0.48664397758826 0 0 0 1 0 0 0 0 0 0 0.0246202665670716 0.0158273142216889 0 0.0179719566772245 0.285714285714286 0 0.324429318392173 0 0.208561704680683 0
0.0369303998506075 0.666666666666667 0.428571428571429 0 0.48664397758826 1 0 1 0 1 0.0369303998506075 0 0.0369303998506075 0 0.0369303998506075 0.666666666666667 0 0.666666666666667 0 0.666666666666667 0.428571428571429 0 0.428571428571429 0 0.428571428571429 0 0 0 0 0 0.48664397758826 0 0.48664397758826 0 0.48664397758826 0 1 0 1 0 0 0 0 1 0 0.0246202665670716 0.0158273142216889 0 0.0179719566772245 0.285714285714286 0 0.324429318392173 0 0.208561704680683 0
0.0369303998506075 0.666666666666667 0.428571428571429 0 0.48664397758826 1 0 0 1 1 0.0369303998506075 0 0 0.0369303998506075 0.0369303998506075 0.666666666666667 0 0 0.666666666666667 0.666666666666667 0.428571428571429 0 0 0.428571428571429 0.428571428571429 0 0 0 0 0 0.48664397758826 0 0 0.48664397758826 0.48664397758826 0 0 1 1 0 0 0 0 0 1 0.0246202665670716 0.0158273142216889 0 0.0179719566772245 0.285714285714286 0 0.324429318392173 0 0.208561704680683 0
0.314084257777072 0.666666666666667 0.428571428571429 0.285714285714286 -1.91064977432424 1 0 0 0 1 0.314084257777072 0 0 0 0.314084257777072 0.666666666666667 0 0 0 0.666666666666667 0.428571428571429 0 0 0 0.428571428571429 0.285714285714286 0 0 0 0.285714285714286 -1.91064977432424 0 0 0 -1.91064977432424 0 0 0 1 0 0 0 0 0 0 0.209389505184714 0.134607539047316 0.0897383593648776 -0.600105016240559 0.285714285714286 0.19047619047619 -1.27376651621616 0.122448979591837 -0.818849903281818 -0.545899935521212
0.314084257777072 0.666666666666667 0.428571428571429 0.285714285714286 -1.91064977432424 1 0 1 0 1 0.314084257777072 0 0.314084257777072 0 0.314084257777072 0.666666666666667 0 0.666666666666667 0 0.666666666666667 0.428571428571429 0 0.428571428571429 0 0.428571428571429 0.285714285714286 0 0.285714285714286 0 0.285714285714286 -1.91064977432424 0 -1.91064977432424 0 -1.91064977432424 0 1 0 1 0 0 0 0 1 0 0.209389505184714 0.134607539047316 0.0897383593648776 -0.600105016240559 0.285714285714286 0.19047619047619 -1.27376651621616 0.122448979591837 -0.818849903281818 -0.545899935521212
0.314084257777072 0.666666666666667 0.428571428571429 0.285714285714286 -1.91064977432424 1 0 0 1 1 0.314084257777072 0 0 0.314084257777072 0.314084257777072 0.666666666666667 0 0 0.666666666666667 0.666666666666667 0.428571428571429 0 0 0.428571428571429 0.428571428571429 0.285714285714286 0 0 0.285714285714286 0.285714285714286 -1.91064977432424 0 0 -1.91064977432424 -1.91064977432424 0 0 1 1 0 0 0 0 0 1 0.209389505184714 0.134607539047316 0.0897383593648776 -0.600105016240559 0.285714285714286 0.19047619047619 -1.27376651621616 0.122448979591837 -0.818849903281818 -0.545899935521212
1.27075747295472 0.333333333333333 0.857142857142857 0.142857142857143 -1.06160368651706 0 1 0 0 1 0 1.27075747295472 0 0 1.27075747295472 0 0.333333333333333 0 0 0.333333333333333 0 0.857142857142857 0 0 0.857142857142857 0 0.142857142857143 0 0 0.142857142857143 0 -1.06160368651706 0 0 -1.06160368651706 0 0 0 0 0 0 1 0 0 0 0.423585824318238 1.08922069110404 0.181536781850674 -1.34904081795782 0.285714285714286 0.0476190476190476 -0.353867895505686 0.122448979591837 -0.90994601701462 -0.151657669502437
1.27075747295472 0.333333333333333 0.857142857142857 0.142857142857143 -1.06160368651706 0 1 0 1 1 0 1.27075747295472 0 1.27075747295472 1.27075747295472 0 0.333333333333333 0 0.333333333333333 0.333333333333333 0 0.857142857142857 0 0.857142857142857 0.857142857142857 0 0.142857142857143 0 0.142857142857143 0.142857142857143 0 -1.06160368651706 0 -1.06160368651706 -1.06160368651706 0 0 0 0 0 1 1 0 0 1 0.423585824318238 1.08922069110404 0.181536781850674 -1.34904081795782 0.285714285714286 0.0476190476190476 -0.353867895505686 0.122448979591837 -0.90994601701462 -0.151657669502437
-0.140335519432309 0 0.714285714285714 0 0.679519638903865 0 0 0 0 1 0 0 0 0 -0.140335519432309 0 0 0 0 0 0 0 0 0 0.714285714285714 0 0 0 0 0 0 0 0 0 0.679519638903865 0 0 0 0 0 0 0 0 0 0 0 -0.100239656737364 0 -0.095360741490029 0 0 0 0 0.485371170645618 0
-0.140335519432309 0 0.714285714285714 0 0.679519638903865 0 0 1 0 1 0 0 -0.140335519432309 0 -0.140335519432309 0 0 0 0 0 0 0 0.714285714285714 0 0.714285714285714 0 0 0 0 0 0 0 0.679519638903865 0 0.679519638903865 0 0 0 0 0 0 0 0 1 0 0 -0.100239656737364 0 -0.095360741490029 0 0 0 0 0.485371170645618 0
-0.140335519432309 0 0.714285714285714 0 0.679519638903865 0 0 0 1 1 0 0 0 -0.140335519432309 -0.140335519432309 0 0 0 0 0 0 0 0 0.714285714285714 0.714285714285714 0 0 0 0 0 0 0 0 0.679519638903865 0.679519638903865 0 0 0 0 0 0 0 0 0 1 0 -0.100239656737364 0 -0.095360741490029 0 0 0 0 0.485371170645618 0
-0.622892744146915 0.333333333333333 0.285714285714286 0 -2.376784158523 1 0 0 0 1 -0.622892744146915 0 0 0 -0.622892744146915 0.333333333333333 0 0 0 0.333333333333333 0.285714285714286 0 0 0 0.285714285714286 0 0 0 0 0 -2.376784158523 0 0 0 -2.376784158523 0 0 0 1 0 0 0 0 0 0 -0.207630914715638 -0.177969355470547 0 1.4804816067473 0.0952380952380952 0 -0.792261386174332 0 -0.679081188149428 0
-0.622892744146915 0.333333333333333 0.285714285714286 0 -2.376784158523 1 0 1 0 1 -0.622892744146915 0 -0.622892744146915 0 -0.622892744146915 0.333333333333333 0 0.333333333333333 0 0.333333333333333 0.285714285714286 0 0.285714285714286 0 0.285714285714286 0 0 0 0 0 -2.376784158523 0 -2.376784158523 0 -2.376784158523 0 1 0 1 0 0 0 0 1 0 -0.207630914715638 -0.177969355470547 0 1.4804816067473 0.0952380952380952 0 -0.792261386174332 0 -0.679081188149428 0
-0.622892744146915 0.333333333333333 0.285714285714286 0 -2.376784158523 1 0 0 1 1 -0.622892744146915 0 0 -0.622892744146915 -0.622892744146915 0.333333333333333 0 0 0.333333333333333 0.333333333333333 0.285714285714286 0 0 0.285714285714286 0.285714285714286 0 0 0 0 0 -2.376784158523 0 0 -2.376784158523 -2.376784158523 0 0 1 1 0 0 0 0 0 1 -0.207630914715638 -0.177969355470547 0 1.4804816067473 0.0952380952380952 0 -0.792261386174332 0 -0.679081188149428 0
-0.780462450176174 0.333333333333333 0 0.428571428571429 -0.529284335864588 0 1 0 0 1 0 -0.780462450176174 0 0 -0.780462450176174 0 0.333333333333333 0 0 0.333333333333333 0 0 0 0 0 0 0.428571428571429 0 0 0.428571428571429 0 -0.529284335864588 0 0 -0.529284335864588 0 0 0 0 0 0 1 0 0 0 -0.260154150058725 0 -0.33448390721836 0.413086549608745 0 0.142857142857143 -0.176428111954863 0 0 -0.226836143941966
-0.780462450176174 0.333333333333333 0 0.428571428571429 -0.529284335864588 0 1 0 1 1 0 -0.780462450176174 0 -0.780462450176174 -0.780462450176174 0 0.333333333333333 0 0.333333333333333 0.333333333333333 0 0 0 0 0 0 0.428571428571429 0 0.428571428571429 0.428571428571429 0 -0.529284335864588 0 -0.529284335864588 -0.529284335864588 0 0 0 0 0 1 1 0 0 1 -0.260154150058725 0 -0.33448390721836 0.413086549608745 0 0.142857142857143 -0.176428111954863 0 0 -0.226836143941966
0.461805857179502 0.333333333333333 0.428571428571429 0.142857142857143 0.834824956225938 1 0 0 0 1 0.461805857179502 0 0 0 0.461805857179502 0.333333333333333 0 0 0 0.333333333333333 0.428571428571429 0 0 0 0.428571428571429 0.142857142857143 0 0 0 0.142857142857143 0.834824956225938 0 0 0 0.834824956225938 0 0 0 1 0 0 0 0 0 0 0.153935285726501 0.197916795934072 0.0659722653113574 0.385527054504759 0.142857142857143 0.0476190476190476 0.278274985408646 0.0612244897959184 0.35778212409683 0.119260708032277
0.461805857179502 0.333333333333333 0.428571428571429 0.142857142857143 0.834824956225938 1 0 1 0 1 0.461805857179502 0 0.461805857179502 0 0.461805857179502 0.333333333333333 0 0.333333333333333 0 0.333333333333333 0.428571428571429 0 0.428571428571429 0 0.428571428571429 0.142857142857143 0 0.142857142857143 0 0.142857142857143 0.834824956225938 0 0.834824956225938 0 0.834824956225938 0 1 0 1 0 0 0 0 1 0 0.153935285726501 0.197916795934072 0.0659722653113574 0.385527054504759 0.142857142857143 0.0476190476190476 0.278274985408646 0.0612244897959184 0.35778212409683 0.119260708032277
0.461805857179502 0.333333333333333 0.428571428571429 0.142857142857143 0.834824956225938 1 0 0 1 1 0.461805857179502 0 0 0.461805857179502 0.461805857179502 0.333333333333333 0 0 0.333333333333333 0.333333333333333 0.428571428571429 0 0 0.428571428571429 0.428571428571429 0.142857142857143 0 0 0.142857142857143 0.142857142857143 0.834824956225938 0 0 0.834824956225938 0.834824956225938 0 0 1 1 0 0 0 0 0 1 0.153935285726501 0.197916795934072 0.0659722653113574 0.385527054504759 0.142857142857143 0.0476190476190476 0.278274985408646 0.0612244897959184 0.35778212409683 0.119260708032277
0.484315815183682 0.333333333333333 0.285714285714286 0 -0.052009907807293 1 1 0 0 1 0.484315815183682 0.484315815183682 0 0 0.484315815183682 0.333333333333333 0.333333333333333 0 0 0.333333333333333 0.285714285714286 0.285714285714286 0 0 0.285714285714286 0 0 0 0 0 -0.052009907807293 -0.052009907807293 0 0 -0.052009907807293 1 0 0 1 0 0 1 0 0 0 0.161438605061227 0.138375947195338 0 -0.0251892208973173 0.0952380952380952 0 -0.0173366359357643 0 -0.0148599736592266 0
0.484315815183682 0.333333333333333 0.285714285714286 0 -0.052009907807293 1 1 0 1 1 0.484315815183682 0.484315815183682 0 0.484315815183682 0.484315815183682 0.333333333333333 0.333333333333333 0 0.333333333333333 0.333333333333333 0.285714285714286 0.285714285714286 0 0.285714285714286 0.285714285714286 0 0 0 0 0 -0.052009907807293 -0.052009907807293 0 -0.052009907807293 -0.052009907807293 1 0 1 1 0 1 1 0 0 1 0.161438605061227 0.138375947195338 0 -0.0251892208973173 0.0952380952380952 0 -0.0173366359357643 0 -0.0148599736592266 0
-3.63782024433175 0.333333333333333 0.428571428571429 0.428571428571429 0.632556708911957 0 0 0 0 1 0 0 0 0 -3.63782024433175 0 0 0 0 0.333333333333333 0 0 0 0 0.428571428571429 0 0 0 0 0.428571428571429 0 0 0 0 0.632556708911957 0 0 0 0 0 0 0 0 0 0 -1.21260674811058 -1.55906581899932 -1.55906581899932 -2.30112760136779 0.142857142857143 0.142857142857143 0.210852236303986 0.183673469387755 0.271095732390839 0.271095732390839
-3.63782024433175 0.333333333333333 0.428571428571429 0.428571428571429 0.632556708911957 0 0 1 0 1 0 0 -3.63782024433175 0 -3.63782024433175 0 0 0.333333333333333 0 0.333333333333333 0 0 0.428571428571429 0 0.428571428571429 0 0 0.428571428571429 0 0.428571428571429 0 0 0.632556708911957 0 0.632556708911957 0 0 0 0 0 0 0 0 1 0 -1.21260674811058 -1.55906581899932 -1.55906581899932 -2.30112760136779 0.142857142857143 0.142857142857143 0.210852236303986 0.183673469387755 0.271095732390839 0.271095732390839
-3.63782024433175 0.333333333333333 0.428571428571429 0.428571428571429 0.632556708911957 0 0 0 1 1 0 0 0 -3.63782024433175 -3.63782024433175 0 0 0 0.333333333333333 0.333333333333333 0 0 0 0.428571428571429 0.428571428571429 0 0 0 0.428571428571429 0.428571428571429 0 0 0 0.632556708911957 0.632556708911957 0 0 0 0 0 0 0 0 0 1 -1.21260674811058 -1.55906581899932 -1.55906581899932 -2.30112760136779 0.142857142857143 0.142857142857143 0.210852236303986 0.183673469387755 0.271095732390839 0.271095732390839
0.549031944445699 0.333333333333333 0.571428571428571 0.428571428571429 -0.320026257109954 0 0 0 0 1 0 0 0 0 0.549031944445699 0 0 0 0 0.333333333333333 0 0 0 0 0.571428571428571 0 0 0 0 0.428571428571429 0 0 0 0 -0.320026257109954 0 0 0 0 0 0 0 0 0 0 0.183010648148566 0.313732539683257 0.235299404762442 -0.175704638214757 0.19047619047619 0.142857142857143 -0.106675419036651 0.244897959183673 -0.182872146919974 -0.13715411018998
0.549031944445699 0.333333333333333 0.571428571428571 0.428571428571429 -0.320026257109954 0 0 1 0 1 0 0 0.549031944445699 0 0.549031944445699 0 0 0.333333333333333 0 0.333333333333333 0 0 0.571428571428571 0 0.571428571428571 0 0 0.428571428571429 0 0.428571428571429 0 0 -0.320026257109954 0 -0.320026257109954 0 0 0 0 0 0 0 0 1 0 0.183010648148566 0.313732539683257 0.235299404762442 -0.175704638214757 0.19047619047619 0.142857142857143 -0.106675419036651 0.244897959183673 -0.182872146919974 -0.13715411018998
0.549031944445699 0.333333333333333 0.571428571428571 0.428571428571429 -0.320026257109954 0 0 0 1 1 0 0 0 0.549031944445699 0.549031944445699 0 0 0 0.333333333333333 0.333333333333333 0 0 0 0.571428571428571 0.571428571428571 0 0 0 0.428571428571429 0.428571428571429 0 0 0 -0.320026257109954 -0.320026257109954 0 0 0 0 0 0 0 0 0 1 0.183010648148566 0.313732539683257 0.235299404762442 -0.175704638214757 0.19047619047619 0.142857142857143 -0.106675419036651 0.244897959183673 -0.182872146919974 -0.13715411018998
-0.473764272369223 0.333333333333333 0.428571428571429 0.285714285714286 -2.66577000214761 0 0 0 0 1 0 0 0 0 -0.473764272369223 0 0 0 0 0.333333333333333 0 0 0 0 0.428571428571429 0 0 0 0 0.285714285714286 0 0 0 0 -2.66577000214761 0 0 0 0 0 0 0 0 0 0 -0.157921424123074 -0.203041831015381 -0.135361220676921 1.26294658537117 0.142857142857143 0.0952380952380952 -0.888590000715871 0.122448979591837 -1.14247285806326 -0.761648572042175
-0.473764272369223 0.333333333333333 0.428571428571429 0.285714285714286 -2.66577000214761 0 0 1 0 1 0 0 -0.473764272369223 0 -0.473764272369223 0 0 0.333333333333333 0 0.333333333333333 0 0 0.428571428571429 0 0.428571428571429 0 0 0.285714285714286 0 0.285714285714286 0 0 -2.66577000214761 0 -2.66577000214761 0 0 0 0 0 0 0 0 1 0 -0.157921424123074 -0.203041831015381 -0.135361220676921 1.26294658537117 0.142857142857143 0.0952380952380952 -0.888590000715871 0.122448979591837 -1.14247285806326 -0.761648572042175
-0.473764272369223 0.333333333333333 0.428571428571429 0.285714285714286 -2.66577000214761 0 0 0 1 1 0 0 0 -0.473764272369223 -0.473764272369223 0 0 0 0.333333333333333 0.333333333333333 0 0 0 0.428571428571429 0.428571428571429 0 0 0 0.285714285714286 0.285714285714286 0 0 0 -2.66577000214761 -2.66577000214761 0 0 0 0 0 0 0 0 0 1 -0.157921424123074 -0.203041831015381 -0.135361220676921 1.26294658537117 0.142857142857143 0.0952380952380952 -0.888590000715871 0.122448979591837 -1.14247285806326 -0.761648572042175
-0.017937622784581 0 0.428571428571429 0.142857142857143 -0.557680526092257 1 0 0 0 1 -0.017937622784581 0 0 0 -0.017937622784581 0 0 0 0 0 0.428571428571429 0 0 0 0.428571428571429 0.142857142857143 0 0 0 0.142857142857143 -0.557680526092257 0 0 0 -0.557680526092257 0 0 0 1 0 0 0 0 0 0 0 -0.00768755262196328 -0.00256251754065443 0.0100034629113496 0 0 0 0.0612244897959184 -0.239005939753825 -0.0796686465846082
-0.017937622784581 0 0.428571428571429 0.142857142857143 -0.557680526092257 1 0 1 0 1 -0.017937622784581 0 -0.017937622784581 0 -0.017937622784581 0 0 0 0 0 0.428571428571429 0 0.428571428571429 0 0.428571428571429 0.142857142857143 0 0.142857142857143 0 0.142857142857143 -0.557680526092257 0 -0.557680526092257 0 -0.557680526092257 0 1 0 1 0 0 0 0 1 0 0 -0.00768755262196328 -0.00256251754065443 0.0100034629113496 0 0 0 0.0612244897959184 -0.239005939753825 -0.0796686465846082
-0.017937622784581 0 0.428571428571429 0.142857142857143 -0.557680526092257 1 0 0 1 1 -0.017937622784581 0 0 -0.017937622784581 -0.017937622784581 0 0 0 0 0 0.428571428571429 0 0 0.428571428571429 0.428571428571429 0.142857142857143 0 0 0.142857142857143 0.142857142857143 -0.557680526092257 0 0 -0.557680526092257 -0.557680526092257 0 0 1 1 0 0 0 0 0 1 0 -0.00768755262196328 -0.00256251754065443 0.0100034629113496 0 0 0 0.0612244897959184 -0.239005939753825 -0.0796686465846082
0.74318033223175 0.333333333333333 0.428571428571429 0 1.085803591392 1 0 0 0 1 0.74318033223175 0 0 0 0.74318033223175 0.333333333333333 0 0 0 0.333333333333333 0.428571428571429 0 0 0 0.428571428571429 0 0 0 0 0 1.085803591392 0 0 0 1.085803591392 0 0 0 1 0 0 0 0 0 0 0.247726777410583 0.31850585667075 0 0.806947873789132 0.142857142857143 0 0.361934530463999 0 0.465344396310856 0
0.74318033223175 0.333333333333333 0.428571428571429 0 1.085803591392 1 0 1 0 1 0.74318033223175 0 0.74318033223175 0 0.74318033223175 0.333333333333333 0 0.333333333333333 0 0.333333333333333 0.428571428571429 0 0.428571428571429 0 0.428571428571429 0 0 0 0 0 1.085803591392 0 1.085803591392 0 1.085803591392 0 1 0 1 0 0 0 0 1 0 0.247726777410583 0.31850585667075 0 0.806947873789132 0.142857142857143 0 0.361934530463999 0 0.465344396310856 0
0.74318033223175 0.333333333333333 0.428571428571429 0 1.085803591392 1 0 0 1 1 0.74318033223175 0 0 0.74318033223175 0.74318033223175 0.333333333333333 0 0 0.333333333333333 0.333333333333333 0.428571428571429 0 0 0.428571428571429 0.428571428571429 0 0 0 0 0 1.085803591392 0 0 1.085803591392 1.085803591392 0 0 1 1 0 0 0 0 0 1 0.247726777410583 0.31850585667075 0 0.806947873789132 0.142857142857143 0 0.361934530463999 0 0.465344396310856 0
2.70576729572118 0.333333333333333 0.428571428571429 0.285714285714286 -0.58061591050691 0 1 0 0 1 0 2.70576729572118 0 0 2.70576729572118 0 0.333333333333333 0 0 0.333333333333333 0 0.428571428571429 0 0 0.428571428571429 0 0.285714285714286 0 0 0.285714285714286 0 -0.58061591050691 0 0 -0.58061591050691 0 0 0 0 0 0 1 0 0 0 0.90192243190706 1.15961455530908 0.773076370206052 -1.57101154202497 0.142857142857143 0.0952380952380952 -0.193538636835636 0.122448979591837 -0.248835390217247 -0.165890260144831
2.70576729572118 0.333333333333333 0.428571428571429 0.285714285714286 -0.58061591050691 0 1 1 0 1 0 2.70576729572118 2.70576729572118 0 2.70576729572118 0 0.333333333333333 0.333333333333333 0 0.333333333333333 0 0.428571428571429 0.428571428571429 0 0.428571428571429 0 0.285714285714286 0.285714285714286 0 0.285714285714286 0 -0.58061591050691 -0.58061591050691 0 -0.58061591050691 0 0 0 0 1 0 1 0 1 0 0.90192243190706 1.15961455530908 0.773076370206052 -1.57101154202497 0.142857142857143 0.0952380952380952 -0.193538636835636 0.122448979591837 -0.248835390217247 -0.165890260144831
2.70576729572118 0.333333333333333 0.428571428571429 0.285714285714286 -0.58061591050691 0 1 0 1 1 0 2.70576729572118 0 2.70576729572118 2.70576729572118 0 0.333333333333333 0 0.333333333333333 0.333333333333333 0 0.428571428571429 0 0.428571428571429 0.428571428571429 0 0.285714285714286 0 0.285714285714286 0.285714285714286 0 -0.58061591050691 0 -0.58061591050691 -0.58061591050691 0 0 0 0 0 1 1 0 0 1 0.90192243190706 1.15961455530908 0.773076370206052 -1.57101154202497 0.142857142857143 0.0952380952380952 -0.193538636835636 0.122448979591837 -0.248835390217247 -0.165890260144831
-1.15750424674619 0.333333333333333 0.428571428571429 0.428571428571429 0.432909648388219 0 1 0 0 1 0 -1.15750424674619 0 0 -1.15750424674619 0 0.333333333333333 0 0 0.333333333333333 0 0.428571428571429 0 0 0.428571428571429 0 0.428571428571429 0 0 0.428571428571429 0 0.432909648388219 0 0 0.432909648388219 0 0 0 0 0 0 1 0 0 0 -0.385834748915395 -0.496073248605508 -0.496073248605508 -0.501094756466762 0.142857142857143 0.142857142857143 0.144303216129406 0.183673469387755 0.185532706452094 0.185532706452094
-1.15750424674619 0.333333333333333 0.428571428571429 0.428571428571429 0.432909648388219 0 1 1 0 1 0 -1.15750424674619 -1.15750424674619 0 -1.15750424674619 0 0.333333333333333 0.333333333333333 0 0.333333333333333 0 0.428571428571429 0.428571428571429 0 0.428571428571429 0 0.428571428571429 0.428571428571429 0 0.428571428571429 0 0.432909648388219 0.432909648388219 0 0.432909648388219 0 0 0 0 1 0 1 0 1 0 -0.385834748915395 -0.496073248605508 -0.496073248605508 -0.501094756466762 0.142857142857143 0.142857142857143 0.144303216129406 0.183673469387755 0.185532706452094 0.185532706452094
-1.15750424674619 0.333333333333333 0.428571428571429 0.428571428571429 0.432909648388219 0 1 0 1 1 0 -1.15750424674619 0 -1.15750424674619 -1.15750424674619 0 0.333333333333333 0 0.333333333333333 0.333333333333333 0 0.428571428571429 0 0.428571428571429 0.428571428571429 0 0.428571428571429 0 0.428571428571429 0.428571428571429 0 0.432909648388219 0 0.432909648388219 0.432909648388219 0 0 0 0 0 1 1 0 0 1 -0.385834748915395 -0.496073248605508 -0.496073248605508 -0.501094756466762 0.142857142857143 0.142857142857143 0.144303216129406 0.183673469387755 0.185532706452094 0.185532706452094
1.69000544078256 0.666666666666667 0.428571428571429 0 -0.619059983430516 1 0 0 0 1 1.69000544078256 0 0 0 1.69000544078256 0.666666666666667 0 0 0 0.666666666666667 0.428571428571429 0 0 0 0.428571428571429 0 0 0 0 0 -0.619059983430516 0 0 0 -0.619059983430516 0 0 0 1 0 0 0 0 0 0 1.12667029385504 0.724288046049671 0 -1.04621474016834 0.285714285714286 0 -0.412706655620344 0 -0.265311421470221 0
1.69000544078256 0.666666666666667 0.428571428571429 0 -0.619059983430516 1 0 1 0 1 1.69000544078256 0 1.69000544078256 0 1.69000544078256 0.666666666666667 0 0.666666666666667 0 0.666666666666667 0.428571428571429 0 0.428571428571429 0 0.428571428571429 0 0 0 0 0 -0.619059983430516 0 -0.619059983430516 0 -0.619059983430516 0 1 0 1 0 0 0 0 1 0 1.12667029385504 0.724288046049671 0 -1.04621474016834 0.285714285714286 0 -0.412706655620344 0 -0.265311421470221 0
1.69000544078256 0.666666666666667 0.428571428571429 0 -0.619059983430516 1 0 0 1 1 1.69000544078256 0 0 1.69000544078256 1.69000544078256 0.666666666666667 0 0 0.666666666666667 0.666666666666667 0.428571428571429 0 0 0.428571428571429 0.428571428571429 0 0 0 0 0 -0.619059983430516 0 0 -0.619059983430516 -0.619059983430516 0 0 1 1 0 0 0 0 0 1 1.12667029385504 0.724288046049671 0 -1.04621474016834 0.285714285714286 0 -0.412706655620344 0 -0.265311421470221 0
0.644699265963463 0.333333333333333 0.285714285714286 0 0.635396327934727 1 1 0 0 1 0.644699265963463 0.644699265963463 0 0 0.644699265963463 0.333333333333333 0.333333333333333 0 0 0.333333333333333 0.285714285714286 0.285714285714286 0 0 0.285714285714286 0 0 0 0 0 0.635396327934727 0.635396327934727 0 0 0.635396327934727 1 0 0 1 0 0 1 0 0 0 0.214899755321154 0.184199790275275 0 0.409639546215398 0.0952380952380952 0 0.211798775978242 0 0.181541807981351 0
0.644699265963463 0.333333333333333 0.285714285714286 0 0.635396327934727 1 1 1 0 1 0.644699265963463 0.644699265963463 0.644699265963463 0 0.644699265963463 0.333333333333333 0.333333333333333 0.333333333333333 0 0.333333333333333 0.285714285714286 0.285714285714286 0.285714285714286 0 0.285714285714286 0 0 0 0 0 0.635396327934727 0.635396327934727 0.635396327934727 0 0.635396327934727 1 1 0 1 1 0 1 0 1 0 0.214899755321154 0.184199790275275 0 0.409639546215398 0.0952380952380952 0 0.211798775978242 0 0.181541807981351 0
0.644699265963463 0.333333333333333 0.285714285714286 0 0.635396327934727 1 1 0 1 1 0.644699265963463 0.644699265963463 0 0.644699265963463 0.644699265963463 0.333333333333333 0.333333333333333 0 0.333333333333333 0.333333333333333 0.285714285714286 0.285714285714286 0 0.285714285714286 0.285714285714286 0 0 0 0 0 0.635396327934727 0.635396327934727 0 0.635396327934727 0.635396327934727 1 0 1 1 0 1 1 0 0 1 0.214899755321154 0.184199790275275 0 0.409639546215398 0.0952380952380952 0 0.211798775978242 0 0.181541807981351 0
