0.00285325872180332 0.0186924013215093 0.109364379317431 2.37112913169251e-05 0.429221795418979 0.431395330456363 0.00769826591422836 0 0 0.000608589810467745 0.000142267747901551
0.00299256752504877 0.00258004069332476 0.416798931625426 6.99198019871208e-06 0.5553729871837 0.0218359541605778 0.000412526831724013 0 0 0 0
0.1087452822719 0.000310116392620549 0.129721027211064 0.000936947398981235 0.650327271767531 0.0576882472485418 0.0521919290559265 0 0 0 7.91786534350339e-05
0.0166628095348299 0.390418884517473 0.163619532515621 0.0016199953714418 0.20967368664661 0.14417958805832 0.063874103216848 0 0 0.00509141402453136 0.00485998611432539
9.67539064389725e-05 0.00464418750907068 0.560350249141309 1.61256510731621e-05 0.106660431414918 0.000763280817463005 0.29770101967867 0 0 0.0278489994033509 0.00191895247770629
0.0645445138792703 4.07375119157222e-05 0.189331660379511 0.108964696872174 0.403757628099106 0.0516551651091358 0.181705598148887 0 0 0 0
0.0428031463888038 0.198964824462832 0.118023631967855 0 0.34909932917901 0.0796131712466374 0.169237579596145 0.000544829230088194 0 0.00933020056526033 0.032383287363367
0.000450195084536633 0.0207423216727248 0.460649614833094 0.000183412812218628 0.482342348350952 0.000400173408477007 0.0333644579317704 0 0 0.000783672924934138 0.00108380298129189
0.0397932001006947 0.000976889059218263 0.31281866308975 0.0195603247780395 0.388505021585491 0.0652524318901676 0.118579302726648 0.00130001390188277 0.0530939203685126 0 0.000120232499596094
0.012084348754305 0.121467845562023 0.179331735513887 0 0.28774848442126 0.108356327163602 0.282995307244567 0.00201405812571751 0 0.00471289601417897 0.00128899720045921
0.000136773178779641 0.0535125061975347 0.426715221145133 8.54832367372758e-05 0.464122685541365 0.000273546357559283 0.0491015711818912 0 0 3.41932946949103e-05 0.00601801986630422
0.0671367637269163 0.000394487043566163 0.215661135629577 0.0169218504729735 0.580808205330506 0.0704652481570058 0.0432785160712378 0.00385446715484438 0 1.64369601485901e-05 0.00146288945322452
0.000999995671014411 0.0256319236713261 0.323578685806555 0 0.352466006640664 0 0.117367457283735 0 0 0.149683334704179 0.0302725962225272
0.00239322239417968 0.0189702761778643 0.409767538331445 3.19096319223958e-05 0.438023517398727 0.000398870399029947 0.126776967627678 0 0 0.000797740798059894 0.00283995724109322
0.00467679320497121 0.0013418097496157 0.320132357155884 0.00199317370573982 0.553620280868138 2.6054558244965e-05 0.101730022667466 0 0 0 0.0164795080899403
0.010022378377437 0.00229008298285485 0.305155734350374 0.0702785542000818 0.383419102600942 0.0426669453079421 0.165216861280183 0.000226396036327856 0.019679040080806 0 0.00104490478305164
0.0042022895232575 0.0448244215814133 0.435878858136502 0 0.40781529246969 9.66043568564942e-05 0.102110805197314 0 0 0.00222190020769937 0.00284982852726658
0.00241884766097431 0.00568429200328963 0.459206134197668 0.000411204102365633 0.377195104252334 1.20942383048716e-05 0.00258816699724251 0 0 0.130545208262784 0.021938948285037
0.0175737871611677 0.0174065451820931 0.251458350057531 0.00884375585346927 0.365978967648712 0.0364119236841401 0.298466725535843 0.000682347274624709 0.00308394209413717 4.68277541409114e-05 4.68277541409114e-05
0.00107934320817545 0.0242660848930225 0.684801163547288 0.000348298694836759 0.147992498181957 0.000612393309603093 0.134791594901826 0 0 0 0.00610862326329085
0.198864470657334 0.000445401595614507 0.0888258039254075 0.00376388820909402 0.615762811414028 0.0449390631882923 0.0471832019969654 0 0 2.69198766580197e-05 0.000188439136606138
0.012278978388998 0.416814014407335 0.0599869024230517 0 0.0456286836935167 0.00487884741322855 0.441322855271775 0.00409299279633268 0 0 0.0149967256057629
0.0314788931743392 0.00108364884469764 0.294518063762783 0.0134062842786879 0.318123916351155 0.137601287994055 0.179452248681929 0.00806323201585223 0.0146270478751637 0 0.00164537702133682
0.000219340333945658 0.0550270062786171 0.367984536506457 5.48350834864146e-05 0.229964631371151 0.21653003591698 0.125668302579991 0 0 0.000877361335782634 0.00367395059358978
0.00280932718530607 0.0225567615521943 0.436458823915972 0.00184550343362212 0.464267329660581 0.00022452712397183 0.00784202052506489 0 0 0 0.063995706603288
0.0443651721098059 0.000164011726838469 0.235602845603461 0.0530577936322447 0.326137318818295 0.0462103040367386 0.156405683006335 0 0.138056871066281 0 0
0.00814937605535192 0.0238869898274371 0.461657262880442 7.72208722869733e-05 0.234288126518677 0.206699682879618 0.0630122317861703 0 0 0.000468473291874305 0.00176063588814299
9.93907347957023e-06 0.00202757098983233 0.696281792611293 9.93907347957023e-05 0.238845874787552 0.0554898472364406 0.0072455845666067 0 0 0 0
0.00916299365948661 0.00333133209354088 0.369774201578539 0.0435123222679416 0.304384911628179 0.185994494150034 0.063123251965852 0.0149470647669532 0.00204272891010528 0 0.00372669897936771
0.0460200507307646 0.274127310061602 0.240850344244474 0 0.141502596931997 0.00513347022587269 0.286508032371059 0 0 0.00585819543423119 0
0.0050966234869399 0.00555673532951087 0.572485311814256 3.53932186593049e-05 0.340695122814469 0.000743257591845402 0.0167763856445105 0 0 0.000247752530615134 0.0583634175691937
0.0299017952820633 0.00041836090600825 0.142617030958707 0.0662478164496572 0.479287465320083 0.0868942941444153 0.188849580905127 0.000858740807069565 0.00470472527633839 0 0.000220189950530658
0.00109643009793537 0.0272063332775827 0.138763449852261 0 0.188307223430154 0.623497054505584 0.0195313225920351 0.000789801341733103 0 0 0.000808384902715058
0.046863281999407 0.00400265099325043 0.190705826952927 0.0196557196923453 0.46659225282104 0.0673910389451837 0.18850829307428 0.0128625494881141 0.0026161117602944 3.48814901372587e-05 0.000767392783019691
0.00253534172167756 0.00970180299688381 0.297027449195049 0.000219781944913225 0.0940509737125095 0.00205653105597375 0.589981083054027 0 0 0.00010204161728114 0.00432499470168526
0.00013420324565388 0.00581203286947186 0.658204979972746 0.000495519676260478 0.329768344551348 2.06466531775199e-05 0.00458355700540942 0 0 3.09699797662799e-05 0.000949746046165916
0.0808936622751123 0.000114256585134339 0.237266982483587 0.0372828026261437 0.445925873843152 0.121946932210689 0.0765255451357456 4.39448404362844e-05 0 0 0
0.023015500234852 0.191451385627055 0.111789572569281 0.000375763269140442 0.142696101456083 0.458149365899483 0.0418976045091592 0.030624706434946 0 0 0
0.0842073119366523 0.000789739701794289 0.144532895291045 0.00201120377390279 0.732688905736669 7.37090388341336e-05 0.00223233089040519 0.000147418077668267 0 7.37090388341336e-05 0.0332427765141943
0.0292683567064568 0.000741552535387806 0.324504701968067 0.0639507031624263 0.277163463115964 0.14823175813575 0.136754099866783 0.00855082259832133 0.00783551971020389 0 0.00299902220063918
0.0127580607747622 0.081419624217119 0.607747622361401 0 0.21294363256785 0 0.0839712363720714 0 0 0.00069589422407794 0.000463929482718627
0.244628658433429 0 0.478937574014549 0.0170867873456268 0.258331923532397 0 0.000507528336998816 0 0 0 0.000507528336998816
0.0264066136929128 0.00201231467785766 0.103109628151766 0.0179503055737103 0.623026383681332 0.0307866946441471 0.196140483643494 5.15978122527605e-05 0 0 0.000515978122527605
0.007097543417619 0.0227886259335913 0.273699721047422 2.24961756501395e-05 0.223746963016287 0.00691757401241789 0.463859893818051 0 0 0.000483667776477999 0.00138351480248358
0.000391496144462077 0.000803965296663194 0.453995707524416 0 0.17889975601401 0.000202739074810719 0.360218398920589 0 0 0.000678127250228955 0.00480980977481981
0.05639859416994 0.000206739714699194 0.378499069671284 0.0137688649989663 0.373826752119082 0.0112052925366963 0.166094686789332 0 0 0 0
0.0121018222284045 0.130616219223814 0.33133954652942 0.000973709834469328 0.478787035749061 0.00194741966893866 0.0375573793295312 0 0 0.00278202809848379 0.00389483933787731
0.0206429308277804 0.00486240834192991 0.209947862938077 0.00286614436668804 0.761446454958597 2.7880781777121e-05 0.000195165472439847 0 0 1.11523127108484e-05 0
0.0721213273747266 0.000931824664828373 0.123295616620709 0.0396025482552059 0.637035276219454 0.0390130265284777 0.0875439764191309 0.000370828182941904 0 0 8.55757345250547e-05
0.000222866057499443 0.00445732114998886 0.599286828616002 0 0.30800089146423 0.00913750835747716 0.0788945843548028 0 0 0 0
0.00362715077282006 0.00113006707494896 0.773913677456985 0.0026246719160105 0.216025080198309 3.64537766112569e-05 0.000801983085447652 0 0 0 0.00184091571886847
0.0404658432448917 0.000114364135407136 0.318313510216529 0.0163540713632205 0.506213784690454 0.0978766392192742 0.0168687099725526 0.00207761512656298 0 0 0.00171546203110704
0.00130354622187653 0.018177627977991 0.509895428225737 5.04133897963299e-05 0.348767032523838 0.0913490623109498 0.0270935960591133 0 0 7.92210411085184e-05 0.00328407224958949
0.00629360739204224 0.0113497077126155 0.397416556666038 0.000536253064303225 0.499540354516312 0.000595181972468414 0.00616985668489534 0 0 0.0767725815576089 0.00132590043371676
0.00872597864768683 0.00866903914590747 0.415003558718861 0.0318291814946619 0.298434163701068 0.125124555160142 0.0760569395017794 0.0227758007117438 0.01244128113879 0 0.000939501779359431
0.00744658901206085 0.0130362200588975 0.426181231594545 0 0.322191585541988 0.095698985238122 0.134338716635717 0 0 0.000225085813966575 0.000881586104702418
0.00236366600208153 0.000526652371816574 0.791928425434802 0.000338562239024941 0.203193770454802 0.000131663092954144 0.00150472106233307 0 0 0 1.25393421861089e-05
0.0397872997542668 0.000268560916329847 0.244605282593224 0.038484779310067 0.482953095835963 0.0759624551838971 0.117911670314619 0 0 0 2.68560916329847e-05
0.0015166202820601 0.0940773632696457 0.304160542856249 0 0.354623346571187 0.0328653178648488 0.206377622814972 0.00157134369429938 0 0 0.00480784264673692
0.00798818600178584 0.00105776495638437 0.49576207157085 0.00254825194038052 0.255525791606566 0.0911532385466035 0.14115667284841 2.7474414451542e-05 0.00447146095198846 0 0.000309087162579848
0.0103434288804759 0.165697674418605 0.173066522444565 0 0.155286641427799 0.120064899945917 0.369050838290968 0 0 0.00297458085451595 0.00351541373715522
0.0240897388745862 0.00226799068284909 0.0254382738751992 0.00223734216010788 0.706111315434596 3.06485227412039e-05 0.171447836214294 0 0 0 0.0683768542356258
0.0374511441052262 0.00242010624266405 0.331651359494682 0.0565699834222722 0.338814873972967 0.0553720308321535 0.0806500405367796 0.00329134449002311 0.0936339105286722 0 0.000145206374559843
0.00310498264143563 0.0288005476504816 0.360300229817613 0 0.576573272700601 0.00420517334115691 0.0260622952422864 0 0 0.000366730233240428 0.000586768373184685
0.041664167916042 0.00113943028485757 0.368215892053973 0.000224887556221889 0.580014992503748 0 0.0087256371814093 0 0 1.49925037481259e-05 0
0.0253781341995736 0.00478236840027521 0.195716170947112 0.00704948172210379 0.386977069445854 0.122051906743816 0.208439075559165 0.0415637442335239 0.00206408824823199 2.25583415107321e-05 0.00595540215883328
0.00640483383685801 0.0554217987450616 0.427748082732977 0 0.193093190797118 0.242891006274692 0.070620497327446 0 0 0.000371833604462003 0.00344875668138508
0.0348646833809915 0.000592269561871421 0.229193230773874 0.0454840389011702 0.456545521763077 0.123984276563478 0.078877479421462 0.000384786594336847 0.0300737130397386 0 0
0.0014308426073132 0.0186009538950715 0.565659777424483 0 0.352464228934817 0.00349761526232114 0.0573926868044515 0 0 0 0.00095389507154213
0.0480817901164196 0.00212501083025906 0.402397705353112 0.0327005421969693 0.471766084644745 7.75218543227554e-05 0.0154040484648393 0 0 9.12021815561828e-06 0.0274381763211776
0.0335969077077854 0.000706002788711015 0.397294244312265 0.0407540109783434 0.446458513511128 0.0396508816209824 0.0104135411334875 0.00614222426178583 0.0237481688052668 0 0.00123550488024428
0.0311426194523818 0.0154145718040535 0.456077211511798 0 0.336673056751185 0.000204964975102784 0.0819859900411136 0.000747519320963094 0 0.0712434139930794 0.00651065215032372
0.0452631714477005 0.000824020188494618 0.412782613174023 0.0237485193387238 0.400280681876706 0.0427653602513262 0.0541278261317402 0.00110083947056703 0.0182636349590565 0 0.000843333161662461
0.0575957313245449 0.342435655994978 0.205273069679849 0.00800376647834275 0.162978656622724 0.0885907093534212 0.111268047708726 0 0 0 0.0238543628374137
0.0704291247244717 0.011556511631272 0.250182077760468 0.000824776080529014 0.540218686242638 3.37627635304275e-05 0.0225776422979902 9.64650386583642e-06 0 0.0793424942965046 0.02482527769873
0.00806468571909238 0.00161924589405505 0.343606081635228 0.0156351860029861 0.311767922107964 0.0705002838937606 0.223392845877232 0.0208504195318907 0 0 0.00456332933779152
0.0111574084731846 0.040455197710199 0.559796496236101 7.67359592378585e-06 0.296062677931505 0.00349915974124635 0.0785008863003292 0.0074817560256912 0 0.00112034500487273 0.00191839898094646
0.227123999043022 0.00309962424532418 0.209581744233503 0.000766989881362849 0.558632506297761 0.00016887850598815 0.000626257793039391 0 0 0 0
0.0397259845475304 0 0.386249178892052 0.0332196815665176 0.420720072570302 0.0302793331039444 0.0898057493196534 0 0 0 0
0.000489365706757011 0.00772767605065742 0.568680594767551 0 0.0822779704767282 0.183108816649189 0.072490656341588 0.0841009921755263 0 0 0.00112392783200237
0.0131165951565065 0.00158378207158695 0.45934719382613 2.87960376652173e-05 0.487092176116566 0.000151179197742391 0.0382699340570737 0 0 0 0.000410343536729346
0.0217997846648992 0.00163237898977737 0.169176979983097 0.0145987936603494 0.233962744712134 0.0708406172939556 0.482929483543073 0.0018754992648506 0 0 0.00318371788786367
0.00621678161429342 0.123707301207135 0.308702755046977 1.47842606760842e-05 0.258347563184234 0.228926884438826 0.0703952572091751 0 0 0.000325253734873853 0.00336341930380916
0.0151870642575919 0.00886357711512624 0.503118294663806 0.000895715937727689 0.404278714714474 2.00533418894259e-05 0.00296789459963503 0 0 0.0620450398058836 0.00262364556386655
0.0167610140290426 0.000590696529657888 0.456626876692099 0.0363955205513168 0.245067273771433 0.137498974485192 0.0395356468947412 0.025047173681188 0.0404934777258184 0 0.00198334563951103
0.00940906982138715 0.0789549988401763 0.231529807469265 1.44977963349571e-05 0.475455230804918 0.0036824402690791 0.18925423335653 0.00403038738111807 0 0.00220366504291348 0.00546566921827882
0.00926957904166684 0.0202677411078913 0.405489407697452 2.10289905663948e-05 0.548398221788558 4.20579811327897e-06 0.00316276018118578 4.20579811327897e-06 0 3.78521830195107e-05 0.0133449974134342
0.0253518902032363 3.51012671557443e-05 0.215074239180034 0.00302748429218295 0.6261100775738 0.0161729088420092 0.114228298641581 0 0 0 0
0.0155039245680467 0.0266444316272538 0.640889485166888 0 0.19916869373323 0.0124194397773152 0.101480803470672 0.000401233793916293 0 0.000520350076485192 0.00297163778619254
0.0692271218587008 3.23289796974008e-05 0.42956592956593 0.000237079184447606 0.435945514892883 0.000118539592223803 0.0647441700073279 4.3105306263201e-05 0 0 8.6210612526402e-05
0.0879412076458326 0.000105995830830654 0.249683779104689 0.00180192912412112 0.521570151574038 0.0423347348337632 0.0965622018867258 0 0 0 0
0.0138138472678661 0.177825433075252 0.30543641731187 2.78504985239236e-05 0.182392914833176 5.57009970478472e-05 0.259343842254776 0.0182699270316939 0 0.0128669303180527 0.0299671364117418
0.00154268637428318 0.000250383652370568 0.925995476940473 0.000157499394233099 0.0718156853242872 0 0.000189806962280914 2.42306760358614e-05 0 2.42306760358614e-05 0
0.17806731575525 0.00106843454634225 0.229463834147431 0.0436000113849583 0.400426498052515 0.0718587914866785 0.0740547747858205 0.000814462400080571 0 0 0.000645877440924108
0.0621546961325967 0.692867905575088 0.00238573581115018 0 0.024171270718232 0.0116147664490206 0.188975389251632 0 0 0.0105474635861376 0.00728277247614264
0.00383425000492834 0.000325270565970785 0.340459715733239 7.88534705383721e-05 0.649397756618763 0.000147850257259448 0.00575630334930116 0 0 0 0
0.081441969110623 3.48638566398215e-05 0.207335355437018 0.0464037931876024 0.631942265453404 0.0132482655231322 0.0195934874315797 0 0 0 0
0.000706144561031854 0.0247371266536471 0.123288426952655 0.000143435613959595 0.48931404676001 0.223318217426324 0.138492602032372 0 0 0 0
0.00274272142056004 7.54012761665991e-05 0.40138926851337 0.000160227711854023 0.58934579967766 0 0.0062865814003902 0 0 0 0
0.0877447050609015 0.000310326101011146 0.0799175911798426 0.0491953071797392 0.660382563121191 0.111924280431353 0.00768919116949839 0.00127578508193471 0 0 0.00156025067452826
